 -0.132313 -0.0936995 0.327069 
 -0.0939132 -0.0936995 0.327069 
 -0.0555132 -0.0936995 0.327069 
 -0.0171132 -0.0936995 0.327069 
 0.0212868 -0.0936995 0.327069 
 0.0596868 -0.0936995 0.327069 
 -0.132313 -0.0618607 0.327069 
 -0.0939132 -0.0618607 0.327069 
 -0.0555132 -0.0618607 0.327069 
 -0.0171132 -0.0618607 0.327069 
 0.0212868 -0.0618607 0.327069 
 0.0596868 -0.0618607 0.327069 
 -0.132313 -0.0300219 0.327069 
 -0.0939132 -0.0300219 0.327069 
 -0.0555132 -0.0300219 0.327069 
 -0.0171132 -0.0300219 0.327069 
 0.0212868 -0.0300219 0.327069 
 0.0596868 -0.0300219 0.327069 
 -0.132313 0.00181684 0.327069 
 -0.0939132 0.00181684 0.327069 
 -0.0555132 0.00181684 0.327069 
 -0.0171132 0.00181684 0.327069 
 0.0212868 0.00181684 0.327069 
 0.0596868 0.00181684 0.327069 
 -0.132313 0.0336556 0.327069 
 -0.0939132 0.0336556 0.327069 
 -0.0555132 0.0336556 0.327069 
 -0.0171132 0.0336556 0.327069 
 0.0212868 0.0336556 0.327069 
 0.0596868 0.0336556 0.327069 
 -0.132313 0.0654944 0.327069 
 -0.0939132 0.0654944 0.327069 
 -0.0555132 0.0654944 0.327069 
 -0.0171132 0.0654944 0.327069 
 0.0212868 0.0654944 0.327069 
 0.0596868 0.0654944 0.327069 
 -0.132313 0.0973331 0.327069 
 -0.0939132 0.0973331 0.327069 
 -0.0555132 0.0973331 0.327069 
 -0.0171132 0.0973331 0.327069 
 0.0212868 0.0973331 0.327069 
 0.0596868 0.0973331 0.327069 
 -0.132313 0.129172 0.327069 
 -0.0939132 0.129172 0.327069 
 -0.0555132 0.129172 0.327069 
 -0.0171132 0.129172 0.327069 
 0.0212868 0.129172 0.327069 
 0.0596868 0.129172 0.327069 
 -0.132313 0.161011 0.327069 
 -0.0939132 0.161011 0.327069 
 -0.0555132 0.161011 0.327069 
 -0.0171132 0.161011 0.327069 
 0.0212868 0.161011 0.327069 
 0.0596868 0.161011 0.327069 
 -0.132313 0.192849 0.327069 
 -0.0939132 0.192849 0.327069 
 -0.0555132 0.192849 0.327069 
 -0.0171132 0.192849 0.327069 
 0.0212868 0.192849 0.327069 
 0.0596868 0.192849 0.327069 
