 19 25 26 
 19 20 26 
 13 19 20 
 26 31 32 
 13 14 20 
 25 26 31 
 20 21 27 
 14 15 20 
 20 26 27 
 26 27 33 
 12 18 19 
 19 24 25 
 25 30 31 
 18 19 24 
 15 20 21 
 26 32 33 
 12 13 19 
 24 25 30 
 7 8 13 
 6 12 13 
 8 13 14 
 31 36 37 
 31 32 38 
 32 33 39 
 8 9 14 
 31 37 38 
 15 16 21 
 21 22 28 
 21 27 28 
 27 28 34 
 9 14 15 
 9 10 15 
 32 38 39 
 27 33 34 
 6 7 13 
 30 31 36 
 16 21 22 
 33 34 40 
 1 2 7 
 0 6 7 
 2 7 8 
 2 3 8 
 36 37 43 
 37 38 43 
 38 39 44 
 38 43 44 
 33 39 40 
 10 15 16 
 3 8 9 
 39 40 45 
 3 4 9 
 0 1 7 
 36 42 43 
 39 44 45 
 10 16 17 
 16 22 23 
 22 23 28 
 23 28 29 
 28 29 34 
 29 34 35 
 16 17 23 
 35 40 41 
 34 35 40 
 42 43 49 
 43 44 49 
 44 45 50 
 44 49 50 
 4 9 10 
 4 10 11 
 45 46 51 
 40 45 46 
 45 50 51 
 42 48 49 
 10 11 17 
 40 41 46 
 46 51 52 
 41 46 47 
 4 5 11 
 46 47 52 
 49 54 55 
 49 50 56 
 50 51 57 
 51 52 58 
 49 55 56 
 48 49 54 
 50 56 57 
 47 52 53 
 52 53 58 
 51 57 58 
 53 58 59 
